lr0 = 0.09677
batch = 70
momentum = 0.70297
weight_decay = 0.00067
epochs = 1000
optimizer = "SGD"

